                                                       Carleton College

                                                       One Card System
                                            St. Olaf College and Carleton College
                                                     Northfield, MN 55057


                                                       By Location Group
Date 12/3/201 Time: 8:49:14PM

Page
              MEALPLANTRANLEDG.TRANDATE in DateTime(2014, 10, 27, 2, 0, 0) to DateTime(2014, 10, 28, 1, 59, 59)

                         Stav Ha STO GUI STO Mic  Total
              7:00:Group      0       0      62        62
                              0       0      62        62
              7:15:00AM       0       0     138       138
                              0       0     138       138
 Meal Period  7:30:00AM       0       0     160       160
                              0       0     160       160
              7:45:00AM       0       0      56        56
                              0       0      56        56
              8:00:00AM       0       0      77        77
                              0       0      77        77
              8:15:00AM       0       0     130       130
                              0       0     130       130
              8:30:00AM       0       0     187       187
                              0       0     187       187
              8:45:00AM       0       0      86        86
                              0       0      86        86
              9:00:00AM       0       0     122       122
                              0       0     122       122
              9:15:00AM       0       0      43        43
                              0       0      43        43
              9:30:00AM       0       0      59        59
                              0       0      59        59
              9:45:00AM       0       0       8         8
                              0       0       8         8
1 -- Breakfa   Total          0       0   1,128     1,128
                              0       0   1,128     1,128
              7:00:00AM       1       0       0         1
                              1       0       0         1
              7:15:00AM       8       0       0         8
                              8       0       0         8
              7:30:00AM       8       0       0         8
                              8       0       0         8
              7:45:00AM      17       0       0        17
                             17       0       0        17
              8:00:00AM       2       0       0         2
                              2       0       0         2
              8:15:00AM       7       0       0         7
                              7       0       0         7
              8:30:00AM      11       0       0        11
                             11       0       0        11
              8:45:00AM      28       0       0        28
                             28       0       0        28
              9:00:00AM       7       0       0         7
                              7       0       0         7
              9:15:00AM       9       0       0         9
                              9       0       0         9
              9:30:00AM      13       0       0        13
                             13       0       0        13
              9:45:00AM      24       0       0        24
                             24       0       0        24
             10:00:00AM      43       0       0        43
                             43       0       0        43
             10:15:00AM      51       3       0        54
                             51       3       0        54
             10:30:00AM      38       0      53        91
                             38       0      53        91
             10:45:00AM       8       0      50        58
                              8       0      50        58
             11:00:00AM      10       0     136       146
                             10       0     136       146
             11:15:00AM      16       0     105       121
                             16       0     105       121
             11:30:00AM      31       0      60        91
                             31       0      60        91
             11:45:00AM      51       0     329       380
                             51       0     329       380
             12:00:00PM      32       0     167       199
                             32       0     167       199
             12:15:00PM      13       0      99       112
                             13       0      99       112
             12:30:00PM      14       0      46        60
                             14       0      46        60
             12:45:00PM      46       0     280       326
                             46       0     280       326
              1:00:00PM      12       0     127       139
                             12       0     127       139
              1:15:00PM       8       0      24        32
                              8       0      24        32
              1:30:00PM       5       0      20        25
                              5       0      20        25
              1:45:00PM      21       0      73        94
                             21       0      73        94
              2:00:00PM       1       0       8         9
                              1       0       8         9
3 -- Lunch     Total        535       3   1,577     2,115
                            535       3   1,577     2,115
              4:30:00PM       0       0     145       145
                              0       0     145       145
              4:45:00PM       0       0     121       121
                              0       0     121       121
              5:00:00PM       0       0     282       282
                              0       0     282       282
              5:15:00PM       0       0     169       169
                              0       0     169       169
              5:30:00PM       0       0     224       224
                              0       0     224       224
              5:45:00PM       0       0     207       207
                              0       0     207       207
              6:00:00PM      27       0     299       326
                             27       0     299       326
              6:15:00PM       0       0     164       164
                              0       0     164       164
              6:30:00PM       0       0     275       275
                              0       0     275       275
              6:45:00PM       0       0     157       157
                              0       0     157       157
              7:00:00PM       0       0      94        94
                              0       0      94        94
              7:15:00PM       0       0      51        51
                              0       0      51        51
              7:30:00PM       0       0       2         2
                              0       0       2         2
4 -- Dinner    Total         27       0   2,190     2,217
                             27       0   2,190     2,217
      Grand Total           562       3   4,895     5,460
