                                                       Carleton College

                                                       One Card System
                                            St. Olaf College and Carleton College
                                                     Northfield, MN 55057


                                                       By Location Group
Date 12/3/201 Time: 8:48:32PM

Page
              MEALPLANTRANLEDG.TRANDATE in DateTime(2014, 10, 25, 2, 0, 0) to DateTime(2014, 10, 26, 1, 59, 59)

                         STO GUI STO Mic  Total
              6:00:Group    138       0       138
                            134       0       134
              7:00:00AM       0      13        13
                              0      13        13
 Meal Period  7:15:00AM       0       4         4
                              0       4         4
              7:30:00AM       0      12        12
                              0      12        12
              7:45:00AM       0      24        24
                              0      24        24
              8:00:00AM       0      28        28
                              0      28        28
              8:15:00AM       0      34        34
                              0      34        34
              8:30:00AM       0      42        42
                              0      42        42
              8:45:00AM       0      42        42
                              0      42        42
              9:00:00AM       0      55        55
                              0      55        55
              9:15:00AM       0      81        81
                              0      81        81
              9:30:00AM       0      94        94
                              0      94        94
              9:45:00AM       0       6         6
                              0       6         6
1 -- Breakfa   Total        138     435       573
                            134     435       569
             10:15:00AM     335       0       335
                            331       0       331
             11:00:00AM       0     165       165
                              0     165       165
             11:15:00AM       0     108       108
                              0     108       108
             11:30:00AM       0     123       123
                              0     123       123
             11:45:00AM       0      96        96
                              0      96        96
             12:00:00PM       0     130       130
                              0     130       130
             12:15:00PM       0     111       111
                              0     111       111
             12:30:00PM       0     103       103
                              0     103       103
             12:45:00PM       0      84        84
                              0      84        84
              1:00:00PM       0     101       101
                              0     101       101
              1:15:00PM       0      79        79
                              0      79        79
              1:30:00PM       0      27        27
                              0      27        27
3 -- Lunch     Total        335   1,127     1,462
                            331   1,127     1,458
              2:30:00PM     157       0       157
                            153       0       153
              4:30:00PM       0      34        34
                              0      34        34
              4:45:00PM       0      26        26
                              0      26        26
              5:00:00PM       0      76        76
                              0      76        76
              5:15:00PM       0      97        97
                              0      97        97
              5:30:00PM       0     131       131
                              0     131       131
              5:45:00PM       0     112       112
                              0     112       112
              6:00:00PM       0     142       142
                              0     142       142
              6:15:00PM       0      99        99
                              0      99        99
              6:30:00PM       0     149       149
                              0     149       149
              6:45:00PM       0      98        98
                              0      98        98
              7:00:00PM       0     114       114
                              0     114       114
              7:15:00PM       0      63        63
                              0      63        63
              7:30:00PM       0       4         4
                              0       4         4
4 -- Dinner    Total        157   1,145     1,302
                            153   1,145     1,298
      Grand Total           630   2,707     3,337
