                                                       Carleton College

                                                       One Card System
                                            St. Olaf College and Carleton College
                                                     Northfield, MN 55057


                                                       By Location Group
Date 12/3/201 Time: 8:46:58PM

Page
              MEALPLANTRANLEDG.TRANDATE in DateTime(2014, 10, 21, 2, 0, 0) to DateTime(2014, 10, 22, 1, 59, 59)

                         Stav Ha STO GUI STO Mic  Total
              9:15:Group      0       3       0         3
                              0       3       0         3
? -- *UNKNOW   Total          0       3       0         3
                              0       3       0         3
 Meal Period  6:00:00AM       0       1       0         1
                              0       1       0         1
              7:00:00AM       0       0      50        50
                              0       0      50        50
              7:15:00AM       0       0     149       149
                              0       0     149       149
              7:30:00AM       0       0     166       166
                              0       0     166       166
              7:45:00AM       0       0      66        66
                              0       0      66        66
              8:00:00AM       0       0      78        78
                              0       0      78        78
              8:15:00AM       0       0      78        78
                              0       0      78        78
              8:30:00AM       0       0     100       100
                              0       0     100       100
              8:45:00AM       0       0     149       149
                              0       0     149       149
              9:00:00AM       0       0     133       133
                              0       0     133       133
              9:15:00AM       0       0      69        69
                              0       0      69        69
              9:30:00AM       0       0      96        96
                              0       0      96        96
              9:45:00AM       0       0       4         4
                              0       0       4         4
1 -- Breakfa   Total          0       1   1,138     1,139
                              0       1   1,138     1,139
              7:15:00AM       4       0       0         4
                              4       0       0         4
              7:30:00AM       7       0       0         7
                              7       0       0         7
              7:45:00AM      17       0       0        17
                             17       0       0        17
              8:00:00AM      12       0       0        12
                             12       0       0        12
              8:15:00AM       9       0       0         9
                              9       0       0         9
              8:30:00AM       3       0       0         3
                              3       0       0         3
              8:45:00AM      11       0       0        11
                             11       0       0        11
              9:00:00AM      26       0       0        26
                             26       0       0        26
              9:15:00AM      36       0       0        36
                             36       0       0        36
              9:30:00AM      20       0       0        20
                             20       0       0        20
              9:45:00AM      14       0       0        14
                             14       0       0        14
             10:00:00AM       7       0       0         7
                              7       0       0         7
             10:15:00AM       6       4       0        10
                              6       4       0        10
             10:30:00AM      21       0      28        49
                             21       0      28        49
             10:45:00AM      34       0      78       112
                             34       0      78       112
             11:00:00AM      49       0     320       369
                             49       0     320       369
             11:15:00AM      50       0     180       230
                             50       0     180       230
             11:30:00AM      43       0      99       142
                             43       0      99       142
             11:45:00AM      20       0      81       101
                             20       0      81       101
             12:00:00PM      10       0     110       120
                             10       0     110       120
             12:15:00PM      14       0      60        74
                             14       0      60        74
             12:30:00PM       7       0      78        85
                              7       0      78        85
             12:45:00PM      13       0      74        87
                             13       0      74        87
              1:00:00PM      28       0      78       106
                             28       0      78       106
              1:15:00PM      23       0     184       207
                             23       0     184       207
              1:30:00PM      10       0      19        29
                             10       0      19        29
              1:45:00PM       2       0      21        23
                              2       0      21        23
              2:00:00PM       0       0       1         1
                              0       0       1         1
3 -- Lunch     Total        496       4   1,411     1,911
                            496       4   1,411     1,911
              4:30:00PM       0       0     126       126
                              0       0     126       126
              4:45:00PM       0       0      74        74
                              0       0      74        74
              5:00:00PM       0       0     260       260
                              0       0     260       260
              5:15:00PM       0       0     240       240
                              0       0     240       240
              5:30:00PM       0       0     348       348
                              0       0     348       348
              5:45:00PM       0       0     276       276
                              0       0     276       276
              6:00:00PM      25       0     285       310
                             25       0     285       310
              6:15:00PM       0       0     125       125
                              0       0     125       125
              6:30:00PM       0       0     151       151
                              0       0     151       151
              6:45:00PM       0       0     162       162
                              0       0     162       162
              7:00:00PM       0       0     102       102
                              0       0     102       102
              7:15:00PM       0       0      41        41
                              0       0      41        41
              7:30:00PM       0       0       3         3
                              0       0       3         3
4 -- Dinner    Total         25       0   2,193     2,218
                             25       0   2,193     2,218
      Grand Total           521       8   4,742     5,271
