                                                       Carleton College

                                                       One Card System
                                            St. Olaf College and Carleton College
                                                     Northfield, MN 55057


                                                       By Location Group
Date 12/3/201 Time: 8:47:22PM

Page
              MEALPLANTRANLEDG.TRANDATE in DateTime(2014, 10, 22, 2, 0, 0) to DateTime(2014, 10, 23, 1, 59, 59)

                         Stav Ha STO GUI STO Mic  Total
              7:00:Group      0       0      52        52
                              0       0      52        52
              7:15:00AM       0       0     136       136
                              0       0     136       136
 Meal Period  7:30:00AM       0       0     157       157
                              0       0     157       157
              7:45:00AM       0       0      50        50
                              0       0      50        50
              8:00:00AM       0       0      72        72
                              0       0      72        72
              8:15:00AM       0       0     142       142
                              0       0     142       142
              8:30:00AM       0       0     198       198
                              0       0     198       198
              8:45:00AM       0       0      82        82
                              0       0      82        82
              9:00:00AM       0       0     127       127
                              0       0     127       127
              9:15:00AM       0       0      40        40
                              0       0      40        40
              9:30:00AM       0       0      60        60
                              0       0      60        60
              9:45:00AM       0       0      13        13
                              0       0      13        13
1 -- Breakfa   Total          0       0   1,129     1,129
                              0       0   1,129     1,129
              7:15:00AM       7       0       0         7
                              7       0       0         7
              7:30:00AM      11       0       0        11
                             11       0       0        11
              7:45:00AM      16       0       0        16
                             16       0       0        16
              8:00:00AM       8       0       0         8
                              8       0       0         8
              8:15:00AM       3       0       0         3
                              3       0       0         3
              8:30:00AM       8       0       0         8
                              8       0       0         8
              8:45:00AM      30       0       0        30
                             30       0       0        30
              9:00:00AM       9       0       0         9
                              9       0       0         9
              9:15:00AM       5       0       0         5
                              5       0       0         5
              9:30:00AM       5       0       0         5
                              5       0       0         5
              9:45:00AM      13       0       0        13
                             13       0       0        13
             10:00:00AM      36       0       0        36
                             36       0       0        36
             10:15:00AM      40       2       0        42
                             40       0       0        40
             10:30:00AM      35       0      50        85
                             35       0      50        85
             10:45:00AM       9       0      42        51
                              9       0      42        51
             11:00:00AM      22       0     135       157
                             22       0     135       157
             11:15:00AM      16       0      77        93
                             16       0      77        93
             11:30:00AM      32       0      63        95
                             32       0      63        95
             11:45:00AM      48       0     380       428
                             48       0     380       428
             12:00:00PM      33       0     128       161
                             33       0     128       161
             12:15:00PM      14       0      98       112
                             14       0      98       112
             12:30:00PM      16       0      46        62
                             16       0      46        62
             12:45:00PM      39       0     269       308
                             39       0     269       308
              1:00:00PM      20       0     117       137
                             20       0     117       137
              1:15:00PM       8       0      40        48
                              8       0      40        48
              1:30:00PM       6       0      26        32
                              6       0      26        32
              1:45:00PM      10       0      62        72
                             10       0      62        72
              2:00:00PM       0       0      10        10
                              0       0      10        10
3 -- Lunch     Total        499       2   1,543     2,044
                            499       0   1,543     2,042
              2:30:00PM       0      16       0        16
                              0      16       0        16
              4:30:00PM       0       0      88        88
                              0       0      88        88
              4:45:00PM       0       0      76        76
                              0       0      76        76
              5:00:00PM       0       0     200       200
                              0       0     200       200
              5:15:00PM       0       0     189       189
                              0       0     189       189
              5:30:00PM       0       0     276       276
                              0       0     276       276
              5:45:00PM       0       0     272       272
                              0       0     272       272
              6:00:00PM      13       0     320       333
                             13       0     320       333
              6:15:00PM       0       0     164       164
                              0       0     164       164
              6:30:00PM       0       0     128       128
                              0       0     128       128
              6:45:00PM       0       0     118       118
                              0       0     118       118
              7:00:00PM       0       0     116       116
                              0       0     116       116
              7:15:00PM       0       0      47        47
                              0       0      47        47
              7:30:00PM       0       0       8         8
                              0       0       8         8
4 -- Dinner    Total         13      16   2,002     2,031
                             13      16   2,002     2,031
      Grand Total           512      18   4,674     5,204
