              MEALPLANTRANLEDG.TRANDATE in DateTime(2014, 10, 28, 2, 0, 0) to DateTime(2014, 10, 29, 1, 59, 59)

                         Stav Ha STO GUI STO Mic  Total
              6:00:Group      0       1       0         1
                              0       1       0         1
              7:00:00AM       0       0      45        45
                              0       0      45        45
 Meal Period  7:15:00AM       0       0     152       152
                              0       0     152       152
              7:30:00AM       0       0     144       144
                              0       0     144       144
              7:45:00AM       0       0      65        65
                              0       0      65        65
              8:00:00AM       0       0      55        55
                              0       0      55        55
              8:15:00AM       0       0      70        70
                              0       0      70        70
              8:30:00AM       0       0      81        81
                              0       0      81        81
              8:45:00AM       0       0     140       140
                              0       0     140       140
              9:00:00AM       0       0     174       174
                              0       0     174       174
              9:15:00AM       0       0      73        73
                              0       0      73        73
              9:30:00AM       0       0      94        94
                              0       0      94        94
              9:45:00AM       0       0       5         5
                              0       0       5         5
1 -- Breakfa   Total          0       1   1,098     1,099
                              0       1   1,098     1,099
              7:15:00AM       4       0       0         4
                              4       0       0         4
              7:30:00AM      11       0       0        11
                             11       0       0        11
              7:45:00AM      19       0       0        19
                             19       0       0        19
              8:00:00AM       7       0       0         7
                              7       0       0         7
              8:15:00AM       7       0       0         7
                              7       0       0         7
              8:30:00AM       5       0       0         5
                              5       0       0         5
              8:45:00AM      10       0       0        10
                             10       0       0        10
              9:00:00AM      16       0       0        16
                             16       0       0        16
              9:15:00AM      39       0       0        39
                             39       0       0        39
              9:30:00AM      11       0       0        11
                             11       0       0        11
              9:45:00AM      16       0       0        16
                             16       0       0        16
             10:00:00AM       8       0       0         8
                              8       0       0         8
             10:15:00AM       9       2       0        11
                              9       2       0        11
             10:30:00AM      13       0      38        51
                             13       0      38        51
             10:45:00AM      33       0     102       135
                             33       0     102       135
             11:00:00AM      64       0     397       461
                             64       0     397       461
             11:15:00AM      54       0     165       219
                             54       0     165       219
             11:30:00AM      51       0     112       163
                             51       0     112       163
             11:45:00AM       9       0      56        65
                              9       0      56        65
             12:00:00PM      10       0     107       117
                             10       0     107       117
             12:15:00PM       8       0      80        88
                              8       0      80        88
             12:30:00PM       9       0     100       109
                              9       0     100       109
             12:45:00PM       8       0      80        88
                              8       0      80        88
              1:00:00PM      20       0      98       118
                             20       0      98       118
              1:15:00PM      25       0     121       146
                             25       0     121       146
              1:30:00PM       7       0      33        40
                              7       0      33        40
              1:45:00PM       5       0      21        26
                              5       0      21        26
              2:00:00PM       0       0       1         1
                              0       0       1         1
3 -- Lunch     Total        478       2   1,511     1,991
                            478       2   1,511     1,991
              2:30:00PM       0       1       0         1
                              0       1       0         1
              4:30:00PM       0       0     107       107
                              0       0     107       107
              4:45:00PM       0       0      90        90
                              0       0      90        90
              5:00:00PM       0       0     257       257
                              0       0     257       257
              5:15:00PM       0       0     277       277
                              0       0     277       277
              5:30:00PM       0       0     253       253
                              0       0     253       253
              5:45:00PM       0       0     200       200
                              0       0     200       200
              6:00:00PM      30       0     318       348
                             30       0     318       348
              6:15:00PM       0       0     202       202
                              0       0     202       202
              6:30:00PM       0       0     131       131
                              0       0     131       131
              6:45:00PM       0       0     102       102
                              0       0     102       102
              7:00:00PM       0       0     129       129
                              0       0     129       129
              7:15:00PM       0       0      47        47
                              0       0      47        47
              7:30:00PM       0       0       3         3
                              0       0       3         3
4 -- Dinner    Total         30       1   2,116     2,147
                             30       1   2,116     2,147
      Grand Total           508       4   4,725     5,237
