              MEALPLANTRANLEDG.TRANDATE in DateTime(2014, 10, 19, 2, 0, 0) to DateTime(2014, 10, 20, 1, 59, 59)

                         STO Mic  Total
              8:30:Group     36        36
                             36        36
              8:45:00AM      34        34
                             34        34
 Meal Period  9:00:00AM      27        27
                             27        27
              9:15:00AM      33        33
                             33        33
              9:30:00AM      26        26
                             26        26
              9:45:00AM      34        34
                             34        34
             10:00:00AM      31        31
                             31        31
             10:15:00AM       1         1
                              1         1
1 -- Breakfa   Total        222       222
                            222       222
             11:00:00AM     185       185
                            185       185
             11:15:00AM     178       178
                            178       178
             11:30:00AM     280       280
                            280       280
             11:45:00AM     155       155
                            155       155
             12:00:00PM     189       189
                            189       189
             12:15:00PM     119       119
                            119       119
             12:30:00PM     129       129
                            129       129
             12:45:00PM      91        91
                             91        91
              1:00:00PM      73        73
                             73        73
              1:15:00PM      69        69
                             69        69
              1:30:00PM       4         4
                              4         4
3 -- Lunch     Total      1,472     1,472
                          1,472     1,472
              4:30:00PM     108       108
                            108       108
              4:45:00PM      76        76
                             76        76
              5:00:00PM     171       171
                            171       171
              5:15:00PM     194       194
                            194       194
              5:30:00PM     268       268
                            268       268
              5:45:00PM     213       213
                            213       213
              6:00:00PM     267       267
                            267       267
              6:15:00PM     184       184
                            184       184
              6:30:00PM     182       182
                            182       182
              6:45:00PM      97        97
                             97        97
              7:00:00PM      99        99
                             99        99
              7:15:00PM      45        45
                             45        45
              7:30:00PM       1         1
                              1         1
4 -- Dinner    Total      1,905     1,905
                          1,905     1,905
      Grand Total         3,599     3,599
