               MEALPLANTRANLEDG.TRANDATE in DateTime(2014, 10, 31, 2, 0, 0) to DateTime(2014, 11, 1, 1, 59, 59)

                         Stav Ha STO GUI STO Mic  Total
              8:30:Group      0       2       0         2
                              0       3       0         3
             10:00:00AM       0       2       0         2
                              0       3       0         3
 Meal Period 10:45:00AM       0       2       0         2
                              0       3       0         3
? -- *UNKNOW   Total          0       6       0         6
                              0       9       0         9
              6:00:00AM       0       2       0         2
                              0       2       0         2
              7:00:00AM       0       0      48        48
                              0       0      48        48
              7:15:00AM       0       0     130       130
                              0       0     130       130
              7:30:00AM       0       0     134       134
                              0       0     134       134
              7:45:00AM       0       0      52        52
                              0       0      52        52
              8:00:00AM       0       0      77        77
                              0       0      77        77
              8:15:00AM       0       0     134       134
                              0       0     134       134
              8:30:00AM       0       0     183       183
                              0       0     183       183
              8:45:00AM       0       0      65        65
                              0       0      65        65
              9:00:00AM       0       0     137       137
                              0       0     137       137
              9:15:00AM       0       0      51        51
                              0       0      51        51
              9:30:00AM       0       0      61        61
                              0       0      61        61
              9:45:00AM       0       0       6         6
                              0       0       6         6
1 -- Breakfa   Total          0       2   1,078     1,080
                              0       2   1,078     1,080
              7:00:00AM       1       0       0         1
                              1       0       0         1
              7:15:00AM       4       0       0         4
                              4       0       0         4
              7:30:00AM       5       0       0         5
                              5       0       0         5
              7:45:00AM      12       0       0        12
                             12       0       0        12
              8:00:00AM       3       0       0         3
                              3       0       0         3
              8:15:00AM       1       0       0         1
                              1       0       0         1
              8:30:00AM      11       0       0        11
                             11       0       0        11
              8:45:00AM      19       0       0        19
                             19       0       0        19
              9:00:00AM      10       0       0        10
                             10       0       0        10
              9:15:00AM       6       0       0         6
                              6       0       0         6
              9:30:00AM       9       0       0         9
                              9       0       0         9
              9:45:00AM      13       0       0        13
                             13       0       0        13
             10:00:00AM      43       0       0        43
                             43       0       0        43
             10:15:00AM      42       5       0        47
                             42       5       0        47
             10:30:00AM      18       0      44        62
                             18       0      44        62
             10:45:00AM      10       0      45        55
                             10       0      45        55
             11:00:00AM       7       0     132       139
                              7       0     132       139
             11:15:00AM      15       0      90       105
                             15       0      90       105
             11:30:00AM      31       0      57        88
                             31       0      57        88
             11:45:00AM      55       0     337       392
                             55       0     337       392
             12:00:00PM      18       0     172       190
                             18       0     172       190
             12:15:00PM      13       0      87       100
                             13       0      87       100
             12:30:00PM       9       0      44        53
                              9       0      44        53
             12:45:00PM      38       0     286       324
                             38       0     286       324
              1:00:00PM       4       0     109       113
                              4       0     109       113
              1:15:00PM       2       0      44        46
                              2       0      44        46
              1:30:00PM       2       0      22        24
                              2       0      22        24
              1:45:00PM      12       0      66        78
                             12       0      66        78
              2:00:00PM       0       0      12        12
                              0       0      12        12
3 -- Lunch     Total        413       5   1,547     1,965
                            413       5   1,547     1,965
              3:30:00PM       0       0      16        16
                              0       0      16        16
              4:30:00PM       0       0      92        92
                              0       0      92        92
              4:45:00PM       0       0      45        45
                              0       0      45        45
              5:00:00PM       0       0     107       107
                              0       0     107       107
              5:15:00PM       0       0      89        89
                              0       0      89        89
              5:30:00PM       0       0     134       134
                              0       0     134       134
              5:45:00PM       0       0     173       173
                              0       0     173       173
              6:00:00PM      19       0     326       345
                             19       0     326       345
              6:15:00PM       0       0     278       278
                              0       0     278       278
              6:30:00PM       0       0     199       199
                              0       0     199       199
              6:45:00PM       0       0     101       101
                              0       0     101       101
              7:00:00PM       0       0      93        93
                              0       0      93        93
              7:15:00PM       0       0      67        67
                              0       0      67        67
4 -- Dinner    Total         19       0   1,720     1,739
                             19       0   1,720     1,739
      Grand Total           432      13   4,345     4,790
