              MEALPLANTRANLEDG.TRANDATE in DateTime(2014, 10, 24, 2, 0, 0) to DateTime(2014, 10, 25, 1, 59, 59)

                         Stav Ha STO GUI STO Mic  Total
              7:00:Group      0       0      62        62
                              0       0      62        62
              7:15:00AM       0       0     110       110
                              0       0     110       110
 Meal Period  7:30:00AM       0       0     138       138
                              0       0     138       138
              7:45:00AM       0       0      58        58
                              0       0      58        58
              8:00:00AM       0       0     110       110
                              0       0     110       110
              8:15:00AM       0       0     143       143
                              0       0     143       143
              8:30:00AM       0       0     176       176
                              0       0     176       176
              8:45:00AM       0       0      89        89
                              0       0      89        89
              9:00:00AM       0       0     135       135
                              0       0     135       135
              9:15:00AM       0       0      55        55
                              0       0      55        55
              9:30:00AM       0       0      60        60
                              0       0      60        60
              9:45:00AM       0       0       9         9
                              0       0       9         9
1 -- Breakfa   Total          0       0   1,145     1,145
                              0       0   1,145     1,145
              7:15:00AM       5       0       0         5
                              5       0       0         5
              7:30:00AM       5       0       0         5
                              5       0       0         5
              7:45:00AM      10       0       0        10
                             10       0       0        10
              8:00:00AM       3       0       0         3
                              3       0       0         3
              8:15:00AM       6       0       0         6
                              6       0       0         6
              8:30:00AM      15       0       0        15
                             15       0       0        15
              8:45:00AM      25       0       0        25
                             25       0       0        25
              9:00:00AM       7       0       0         7
                              7       0       0         7
              9:15:00AM       7       0       0         7
                              7       0       0         7
              9:30:00AM       9       0       0         9
                              9       0       0         9
              9:45:00AM      14       0       0        14
                             14       0       0        14
             10:00:00AM      50       0       0        50
                             50       0       0        50
             10:15:00AM      21       1       0        22
                             21       1       0        22
             10:30:00AM      28       0      39        67
                             28       0      39        67
             10:45:00AM      10       0      47        57
                             10       0      47        57
             11:00:00AM      17       0     120       137
                             17       0     120       137
             11:15:00AM      18       0      73        91
                             18       0      73        91
             11:30:00AM      39       0      92       131
                             39       0      92       131
             11:45:00AM      56       0     326       382
                             56       0     326       382
             12:00:00PM      13       0     168       181
                             13       0     168       181
             12:15:00PM       7       0      69        76
                              7       0      69        76
             12:30:00PM      20       0      46        66
                             20       0      46        66
             12:45:00PM      38       0     289       327
                             38       0     289       327
              1:00:00PM      17       0     147       164
                             17       0     147       164
              1:15:00PM       4       0      19        23
                              4       0      19        23
              1:30:00PM       4       0      26        30
                              4       0      26        30
              1:45:00PM      12       0      51        63
                             12       0      51        63
              2:00:00PM       2       0      11        13
                              2       0      11        13
3 -- Lunch     Total        462       1   1,523     1,986
                            462       1   1,523     1,986
              4:30:00PM       0       0      96        96
                              0       0      96        96
              4:45:00PM       0       0      51        51
                              0       0      51        51
              5:00:00PM       0       0     122       122
                              0       0     122       122
              5:15:00PM       0       0     122       122
                              0       0     122       122
              5:30:00PM       0       0     197       197
                              0       0     197       197
              5:45:00PM       0       0     170       170
                              0       0     170       170
              6:00:00PM      15       0     290       305
                             15       0     290       305
              6:15:00PM       0       0     210       210
                              0       0     210       210
              6:30:00PM       0       0     153       153
                              0       0     153       153
              6:45:00PM       0       0      58        58
                              0       0      58        58
              7:00:00PM       0       0      63        63
                              0       0      63        63
              7:15:00PM       0       0      50        50
                              0       0      50        50
              7:30:00PM       0       0       1         1
                              0       0       1         1
4 -- Dinner    Total         15       0   1,583     1,598
                             15       0   1,583     1,598
      Grand Total           477       1   4,251     4,729
