              MEALPLANTRANLEDG.TRANDATE in DateTime(2014, 10, 30, 2, 0, 0) to DateTime(2014, 10, 31, 1, 59, 59)

                         Stav Ha STO GUI STO Mic  Total
              6:00:Group      0       5       0         5
                              0       3       0         3
              7:00:00AM       0       0      62        62
                              0       0      62        62
 Meal Period  7:15:00AM       0       0     111       111
                              0       0     111       111
              7:30:00AM       0       0     147       147
                              0       0     147       147
              7:45:00AM       0       0      54        54
                              0       0      54        54
              8:00:00AM       0       0      60        60
                              0       0      60        60
              8:15:00AM       0       0      58        58
                              0       0      58        58
              8:30:00AM       0       0      94        94
                              0       0      94        94
              8:45:00AM       0       0     147       147
                              0       0     147       147
              9:00:00AM       0       0     149       149
                              0       0     147       147
              9:15:00AM       0       0      91        91
                              0       0      91        91
              9:30:00AM       0       0      56        56
                              0       0      56        56
              9:45:00AM       0       0      10        10
                              0       0      10        10
1 -- Breakfa   Total          0       5   1,039     1,044
                              0       3   1,037     1,040
              7:00:00AM       1       0       0         1
                              1       0       0         1
              7:15:00AM       3       0       0         3
                              3       0       0         3
              7:30:00AM       7       0       0         7
                              7       0       0         7
              7:45:00AM      10       0       0        10
                             10       0       0        10
              8:00:00AM       2       0       0         2
                              2       0       0         2
              8:15:00AM       6       0       0         6
                              6       0       0         6
              8:30:00AM       1       0       0         1
                              1       0       0         1
              8:45:00AM       7       0       0         7
                              7       0       0         7
              9:00:00AM      10       0       0        10
                             10       0       0        10
              9:15:00AM      25       0       0        25
                             25       0       0        25
              9:30:00AM       6       0       0         6
                              6       0       0         6
              9:45:00AM       9       0       0         9
                              9       0       0         9
             10:00:00AM       4       0       0         4
                              4       0       0         4
             10:15:00AM      11      17       0        28
                             11      17       0        28
             10:30:00AM      12       0      27        39
                             12       0      27        39
             10:45:00AM      36       0     153       189
                             36       0     153       189
             11:00:00AM      47       0     267       314
                             47       0     267       314
             11:15:00AM      27       0     118       145
                             27       0     118       145
             11:30:00AM      23       0     158       181
                             23       0     158       181
             11:45:00AM      29       0     200       229
                             29       0     200       229
             12:00:00PM      35       0     256       291
                             35       0     256       291
             12:15:00PM      18       0     144       162
                             18       0     144       162
             12:30:00PM      39       0      91       130
                             39       0      91       130
             12:45:00PM       5       0      29        34
                              5       0      29        34
              1:00:00PM       5       0      39        44
                              5       0      39        44
              1:15:00PM       3       0      26        29
                              3       0      26        29
              1:30:00PM       5       0      26        31
                              5       0      26        31
              1:45:00PM       6       0      21        27
                              6       0      21        27
              2:00:00PM       3       0       0         3
                              3       0       0         3
3 -- Lunch     Total        395      17   1,555     1,967
                            395      17   1,555     1,967
              2:30:00PM       0      98       0        98
                              0      98       0        98
              4:30:00PM       0       0      95        95
                              0       0      95        95
              4:45:00PM       0       0      68        68
                              0       0      68        68
              5:00:00PM       0       0     241       241
                              0       0     241       241
              5:15:00PM       0       0     182       182
                              0       0     182       182
              5:30:00PM       0       0     257       257
                              0       0     257       257
              5:45:00PM       0       0     169       169
                              0       0     169       169
              6:00:00PM       9       0     233       242
                              9       0     233       242
              6:15:00PM       0       0     290       290
                              0       0     290       290
              6:30:00PM       0       0     150       150
                              0       0     150       150
              6:45:00PM       0       0      99        99
                              0       0      99        99
              7:00:00PM       0       0     122       122
                              0       0     122       122
              7:15:00PM       0       0      53        53
                              0       0      53        53
              7:30:00PM       0       0       1         1
                              0       0       1         1
4 -- Dinner    Total          9      98   1,960     2,067
                              9      98   1,960     2,067
      Grand Total           404     120   4,554     5,078
