               MEALPLANTRANLEDG.TRANDATE in DateTime(2014, 11, 1, 2, 0, 0) to DateTime(2014, 11, 2, 1, 59, 59)

                         STO GUI STO Mic  Total
              7:00:Group      0      13        13
                              0      13        13
              7:15:00AM       0       5         5
                              0       5         5
 Meal Period  7:30:00AM       0       5         5
                              0       5         5
              7:45:00AM       0      17        17
                              0      17        17
              8:00:00AM       0      41        41
                              0      41        41
              8:15:00AM       0      18        18
                              0      18        18
              8:30:00AM       0      53        53
                              0      53        53
              8:45:00AM       0      34        34
                              0      34        34
              9:00:00AM       0      56        56
                              0      56        56
              9:15:00AM       0      60        60
                              0      60        60
              9:30:00AM       0      97        97
                              0      97        97
              9:45:00AM       0       3         3
                              0       3         3
1 -- Breakfa   Total          0     402       402
                              0     402       402
             10:15:00AM      37       0        37
                             37       0        37
             11:00:00AM       0     188       188
                              0     188       188
             11:15:00AM       0     142       142
                              0     142       142
             11:30:00AM       0     143       143
                              0     143       143
             11:45:00AM       0     112       112
                              0     112       112
             12:00:00PM       0     164       164
                              0     164       164
             12:15:00PM       0     131       131
                              0     131       131
             12:30:00PM       0     127       127
                              0     127       127
             12:45:00PM       0     118       118
                              0     118       118
              1:00:00PM       0      80        80
                              0      80        80
              1:15:00PM       0     116       116
                              0     116       116
              1:30:00PM       0       4         4
                              0       4         4
3 -- Lunch     Total         37   1,325     1,362
                             37   1,325     1,362
              2:30:00PM     113       0       113
                            113       0       113
              4:30:00PM       0      44        44
                              0      44        44
              4:45:00PM       0      46        46
                              0      46        46
              5:00:00PM       0      94        94
                              0      94        94
              5:15:00PM       0      75        75
                              0      75        75
              5:30:00PM       0     160       160
                              0     160       160
              5:45:00PM       0     112       112
                              0     112       112
              6:00:00PM       0     128       128
                              0     128       128
              6:15:00PM       0     146       146
                              0     146       146
              6:30:00PM       0     140       140
                              0     140       140
              6:45:00PM       0     102       102
                              0     102       102
              7:00:00PM       0      95        95
                              0      95        95
              7:15:00PM       0      63        63
                              0      63        63
              7:30:00PM       0       4         4
                              0       4         4
4 -- Dinner    Total        113   1,209     1,322
                            113   1,209     1,322
      Grand Total           150   2,936     3,086
