              MEALPLANTRANLEDG.TRANDATE in DateTime(2014, 10, 20, 2, 0, 0) to DateTime(2014, 10, 21, 1, 59, 59)

                         Stav Ha STO GUI STO Mic  Total
              8:30:Group      0       1       0         1
                              0       3       0         3
? -- *UNKNOW   Total          0       1       0         1
                              0       3       0         3
 Meal Period  6:00:00AM       0       1       0         1
                              0       1       0         1
              7:00:00AM       0       0      61        61
                              0       0      61        61
              7:15:00AM       0       0     163       163
                              0       0     163       163
              7:30:00AM       0       0     147       147
                              0       0     147       147
              7:45:00AM       0       0      69        69
                              0       0      69        69
              8:00:00AM       0       0      78        78
                              0       0      78        78
              8:15:00AM       0       0     156       156
                              0       0     156       156
              8:30:00AM       0       0     167       167
                              0       0     167       167
              8:45:00AM       0       0      73        73
                              0       0      73        73
              9:00:00AM       0       0     129       129
                              0       0     129       129
              9:15:00AM       0       0      38        38
                              0       0      38        38
              9:30:00AM       0       0      47        47
                              0       0      47        47
              9:45:00AM       0       0      13        13
                              0       0      13        13
1 -- Breakfa   Total          0       1   1,141     1,142
                              0       1   1,141     1,142
              7:15:00AM       5       0       0         5
                              5       0       0         5
              7:30:00AM      12       0       0        12
                             12       0       0        12
              7:45:00AM      17       0       0        17
                             17       0       0        17
              8:00:00AM       7       0       0         7
                              7       0       0         7
              8:15:00AM       4       0       0         4
                              4       0       0         4
              8:30:00AM      11       0       0        11
                             11       0       0        11
              8:45:00AM      24       0       0        24
                             24       0       0        24
              9:00:00AM       7       0       0         7
                              7       0       0         7
              9:15:00AM       8       0       0         8
                              8       0       0         8
              9:30:00AM       8       0       0         8
                              8       0       0         8
              9:45:00AM      12       0       0        12
                             12       0       0        12
             10:00:00AM      39       0       0        39
                             39       0       0        39
             10:15:00AM      51       2       0        53
                             51       2       0        53
             10:30:00AM      29       0      51        80
                             29       0      51        80
             10:45:00AM       6       0      42        48
                              6       0      42        48
             11:00:00AM       8       0     137       145
                              8       0     137       145
             11:15:00AM      15       0      76        91
                             15       0      76        91
             11:30:00AM      26       0      52        78
                             26       0      52        78
             11:45:00AM      38       0     288       326
                             38       0     288       326
             12:00:00PM      44       0     223       267
                             44       0     223       267
             12:15:00PM      18       0     121       139
                             18       0     121       139
             12:30:00PM      26       0      27        53
                             26       0      27        53
             12:45:00PM      30       0     311       341
                             30       0     311       341
              1:00:00PM      22       0     112       134
                             22       0     112       134
              1:15:00PM       4       0      35        39
                              4       0      35        39
              1:30:00PM       7       0      30        37
                              7       0      30        37
              1:45:00PM      15       0      68        83
                             15       0      68        83
              2:00:00PM       1       0       5         6
                              1       0       5         6
3 -- Lunch     Total        494       2   1,578     2,074
                            494       2   1,578     2,074
              2:30:00PM       0       3       0         3
                              0       3       0         3
              4:30:00PM       0       0     101       101
                              0       0     101       101
              4:45:00PM       0       0      73        73
                              0       0      73        73
              5:00:00PM       0       0     230       230
                              0       0     230       230
              5:15:00PM       0       0     205       205
                              0       0     205       205
              5:30:00PM       0       0     201       201
                              0       0     201       201
              5:45:00PM       0       0     297       297
                              0       0     297       297
              6:00:00PM      18       0     352       370
                             18       0     352       370
              6:15:00PM       0       0     309       309
                              0       0     309       309
              6:30:00PM       0       0     144       144
                              0       0     144       144
              6:45:00PM       0       0     127       127
                              0       0     127       127
              7:00:00PM       0       0     131       131
                              0       0     131       131
              7:15:00PM       0       0      64        64
                              0       0      64        64
              7:30:00PM       0       0       2         2
                              0       0       2         2
4 -- Dinner    Total         18       3   2,236     2,257
                             18       3   2,236     2,257
      Grand Total           512       7   4,955     5,474
