              MEALPLANTRANLEDG.TRANDATE in DateTime(2014, 10, 26, 2, 0, 0) to DateTime(2014, 10, 27, 1, 59, 59)

                         STO GUI STO Mic  Total
              6:00:Group     14       0        14
                             14       0        14
              8:30:00AM       0      40        40
                              0      40        40
 Meal Period  8:45:00AM       0      39        39
                              0      39        39
              9:00:00AM       0      29        29
                              0      29        29
              9:15:00AM       0      34        34
                              0      34        34
              9:30:00AM       0      33        33
                              0      33        33
              9:45:00AM       0      25        25
                              0      25        25
             10:00:00AM       0      36        36
                              0      36        36
             10:15:00AM       0       1         1
                              0       1         1
1 -- Breakfa   Total         14     237       251
                             14     237       251
             12:15:00PM       0       1         1
                              0       1         1
             12:30:00PM       0       1         1
                              0       1         1
2 -- Brunch    Total          0       2         2
                              0       2         2
             10:45:00AM      14       0        14
                             14       0        14
             11:00:00AM       0     256       256
                              0     256       256
             11:15:00AM       0     166       166
                              0     166       166
             11:30:00AM       0     240       240
                              0     240       240
             11:45:00AM       0     203       203
                              0     203       203
             12:00:00PM       0     140       140
                              0     140       140
             12:15:00PM       0     105       105
                              0     105       105
             12:30:00PM       0     130       130
                              0     130       130
             12:45:00PM       0     112       112
                              0     112       112
              1:00:00PM       0      87        87
                              0      87        87
              1:15:00PM       0      70        70
                              0      70        70
              1:30:00PM       0      11        11
                              0      11        11
3 -- Lunch     Total         14   1,520     1,534
                             14   1,520     1,534
              2:30:00PM      34       0        34
                             34       0        34
              4:30:00PM       0      82        82
                              0      82        82
              4:45:00PM       0      64        64
                              0      64        64
              5:00:00PM       0     148       148
                              0     148       148
              5:15:00PM       0     160       160
                              0     160       160
              5:30:00PM       0     260       260
                              0     260       260
              5:45:00PM       0     215       215
                              0     215       215
              6:00:00PM       0     214       214
                              0     214       214
              6:15:00PM       0     215       215
                              0     215       215
              6:30:00PM       0     189       189
                              0     189       189
              6:45:00PM       0     153       153
                              0     153       153
              7:00:00PM       0     119       119
                              0     119       119
              7:15:00PM       0      78        78
                              0      78        78
              7:30:00PM       0       1         1
                              0       1         1
4 -- Dinner    Total         34   1,898     1,932
                             34   1,898     1,932
      Grand Total            62   3,657     3,719
