              MEALPLANTRANLEDG.TRANDATE in DateTime(2014, 11, 13, 2, 0, 0) to DateTime(2014, 11, 14, 1, 59, 59)

                         Stav Ha STO GUI STO Mic  Total
              6:00:Group      0       2       0         2
                              0       2       0         2
              7:00:00AM       0       0      39        39
                              0       0      39        39
 Meal Period  7:15:00AM       0       0     126       126
                              0       0     126       126
              7:30:00AM       0       0     132       132
                              0       0     132       132
              7:45:00AM       0       0      74        74
                              0       0      74        74
              8:00:00AM       0       0      65        65
                              0       0      65        65
              8:15:00AM       0       0      72        72
                              0       0      72        72
              8:30:00AM       0       0     101       101
                              0       0     101       101
              8:45:00AM       0       0     128       128
                              0       0     128       128
              9:00:00AM       0       0     194       194
                              0       0     194       194
              9:15:00AM       0       0     109       109
                              0       0     109       109
              9:30:00AM       0       0      58        58
                              0       0      58        58
              9:45:00AM       0       0       3         3
                              0       0       3         3
1 -- Breakfa   Total          0       2   1,101     1,103
                              0       2   1,101     1,103
              7:15:00AM       3       0       0         3
                              3       0       0         3
              7:30:00AM       6       0       0         6
                              6       0       0         6
              7:45:00AM      21       0       0        21
                             21       0       0        21
              8:00:00AM       5       0       0         5
                              5       0       0         5
              8:15:00AM      11       0       0        11
                             11       0       0        11
              8:30:00AM       3       0       0         3
                              3       0       0         3
              8:45:00AM       4       0       0         4
                              4       0       0         4
              9:00:00AM       8       0       0         8
                              8       0       0         8
              9:15:00AM      20       0       0        20
                             20       0       0        20
              9:30:00AM       3       0       0         3
                              3       0       0         3
              9:45:00AM      10       0       0        10
                             10       0       0        10
             10:00:00AM       5       0       0         5
                              5       0       0         5
             10:15:00AM       9       1       0        10
                              9       1       0        10
             10:30:00AM       7       0      32        39
                              7       0      32        39
             10:45:00AM      40       0     121       161
                             40       0     121       161
             11:00:00AM      55       0     285       340
                             55       0     285       340
             11:15:00AM      23       0     143       166
                             23       0     143       166
             11:30:00AM      21       0     153       174
                             21       0     153       174
             11:45:00AM      16       0     160       176
                             16       0     160       176
             12:00:00PM      18       0     294       312
                             18       0     294       312
             12:15:00PM      22       0     119       141
                             22       0     119       141
             12:30:00PM      41       0      77       118
                             41       0      77       118
             12:45:00PM       4       0      55        59
                              4       0      55        59
              1:00:00PM       7       0      40        47
                              7       0      40        47
              1:15:00PM       7       0      48        55
                              7       0      48        55
              1:30:00PM       3       0      24        27
                              3       0      24        27
              1:45:00PM       9       0      36        45
                              9       0      36        45
              2:00:00PM       0       0       5         5
                              0       0       5         5
3 -- Lunch     Total        381       1   1,592     1,974
                            381       1   1,592     1,974
              2:30:00PM       0       3       0         3
                              0       3       0         3
              4:30:00PM       0       0     122       122
                              0       0     122       122
              4:45:00PM       0       0      67        67
                              0       0      67        67
              5:00:00PM       0       0     205       205
                              0       0     205       205
              5:15:00PM       0       0     190       190
                              0       0     190       190
              5:30:00PM       0       0     232       232
                              0       0     232       232
              5:45:00PM       0       0     222       222
                              0       0     222       222
              6:00:00PM      15       0     194       209
                             15       0     194       209
              6:15:00PM       0       0     229       229
                              0       0     229       229
              6:30:00PM       0       0     209       209
                              0       0     209       209
              6:45:00PM       0       0      83        83
                              0       0      83        83
              7:00:00PM       0       0      88        88
                              0       0      88        88
              7:15:00PM       0       0      53        53
                              0       0      53        53
              7:30:00PM       0       0       6         6
                              0       0       6         6
4 -- Dinner    Total         15       3   1,900     1,918
                             15       3   1,900     1,918
      Grand Total           396       6   4,593     4,995
