              MEALPLANTRANLEDG.TRANDATE in DateTime(2014, 10, 23, 2, 0, 0) to DateTime(2014, 10, 24, 1, 59, 59)

                         Stav Ha STO GUI STO Mic  Total
              6:00:Group      0       1       0         1
                              0       1       0         1
              7:00:00AM       0       0      46        46
                              0       0      46        46
 Meal Period  7:15:00AM       0       0     134       134
                              0       0     134       134
              7:30:00AM       0       0     143       143
                              0       0     143       143
              7:45:00AM       0       0      56        56
                              0       0      56        56
              8:00:00AM       0       0      59        59
                              0       0      59        59
              8:15:00AM       0       0      54        54
                              0       0      54        54
              8:30:00AM       0       0      85        85
                              0       0      85        85
              8:45:00AM       0       0     141       141
                              0       0     141       141
              9:00:00AM       0       0     140       140
                              0       0     140       140
              9:15:00AM       0       0      89        89
                              0       0      89        89
              9:30:00AM       0       0      62        62
                              0       0      62        62
              9:45:00AM       0       0       7         7
                              0       0       7         7
1 -- Breakfa   Total          0       1   1,016     1,017
                              0       1   1,016     1,017
              7:15:00AM       4       0       0         4
                              4       0       0         4
              7:30:00AM       7       0       0         7
                              7       0       0         7
              7:45:00AM      16       0       0        16
                             16       0       0        16
              8:00:00AM      10       0       0        10
                             10       0       0        10
              8:15:00AM       1       0       0         1
                              1       0       0         1
              8:30:00AM       1       0       0         1
                              1       0       0         1
              8:45:00AM      11       0       0        11
                             11       0       0        11
              9:00:00AM       4       0       0         4
                              4       0       0         4
              9:15:00AM      15       0       0        15
                             15       0       0        15
              9:30:00AM       2       0       0         2
                              2       0       0         2
              9:45:00AM      10       0       0        10
                             10       0       0        10
             10:00:00AM      13       0       0        13
                             13       0       0        13
             10:15:00AM      10       0       0        10
                             10       0       0        10
             10:30:00AM      12       0      34        46
                             12       0      34        46
             10:45:00AM      28       0     170       198
                             28       0     170       198
             11:00:00AM      34       0     267       301
                             34       0     267       301
             11:15:00AM      39       0     133       172
                             39       0     133       172
             11:30:00AM      20       0     184       204
                             20       0     184       204
             11:45:00AM      21       0     152       173
                             21       0     152       173
             12:00:00PM      24       0     247       271
                             24       0     247       271
             12:15:00PM      19       0     139       158
                             19       0     139       158
             12:30:00PM      35       0      77       112
                             35       0      77       112
             12:45:00PM       7       0      38        45
                              7       0      38        45
              1:00:00PM      11       0      31        42
                             11       0      31        42
              1:15:00PM       5       0      26        31
                              5       0      26        31
              1:30:00PM       5       0      26        31
                              5       0      26        31
              1:45:00PM      13       0      36        49
                             13       0      36        49
              2:00:00PM       1       0       0         1
                              1       0       0         1
3 -- Lunch     Total        378       0   1,560     1,938
                            378       0   1,560     1,938
              4:30:00PM       0       0      89        89
                              0       0      89        89
              4:45:00PM       0       0      72        72
                              0       0      72        72
              5:00:00PM       0       0     246       246
                              0       0     246       246
              5:15:00PM       0       0     206       206
                              0       0     206       206
              5:30:00PM       0       0     193       193
                              0       0     193       193
              5:45:00PM       0       0     242       242
                              0       0     242       242
              6:00:00PM      14       0     232       246
                             14       0     232       246
              6:15:00PM       0       0     195       195
                              0       0     195       195
              6:30:00PM       0       0     271       271
                              0       0     271       271
              6:45:00PM       0       0      98        98
                              0       0      98        98
              7:00:00PM       0       0      97        97
                              0       0      97        97
              7:15:00PM       0       0      54        54
                              0       0      54        54
              7:30:00PM       0       0       3         3
                              0       0       3         3
4 -- Dinner    Total         14       0   1,998     2,012
                             14       0   1,998     2,012
      Grand Total           392       1   4,574     4,967
