              MEALPLANTRANLEDG.TRANDATE in DateTime(2014, 10, 29, 2, 0, 0) to DateTime(2014, 10, 30, 1, 59, 59)

                         Stav Ha STO GUI STO Mic  Total
              2:00:Group      0       1       0         1
                              0       3       0         3
? -- *UNKNOW   Total          0       1       0         1
                              0       3       0         3
 Meal Period  7:00:00AM       0       0      78        78
                              0       0      78        78
              7:15:00AM       0       0     110       110
                              0       0     110       110
              7:30:00AM       0       0     156       156
                              0       0     156       156
              7:45:00AM       0       0      54        54
                              0       0      54        54
              8:00:00AM       0       0      59        59
                              0       0      59        59
              8:15:00AM       0       0     128       128
                              0       0     128       128
              8:30:00AM       0       0     195       195
                              0       0     195       195
              8:45:00AM       0       0      74        74
                              0       0      74        74
              9:00:00AM       0       0     139       139
                              0       0     139       139
              9:15:00AM       0       0      50        50
                              0       0      50        50
              9:30:00AM       0       0      71        71
                              0       0      71        71
              9:45:00AM       0       0      13        13
                              0       0      13        13
1 -- Breakfa   Total          0       0   1,127     1,127
                              0       0   1,127     1,127
              7:00:00AM       1       0       0         1
                              1       0       0         1
              7:15:00AM       6       0       0         6
                              6       0       0         6
              7:30:00AM      12       0       0        12
                             12       0       0        12
              7:45:00AM       9       0       0         9
                              9       0       0         9
              8:00:00AM       4       0       0         4
                              4       0       0         4
              8:15:00AM       5       0       0         5
                              5       0       0         5
              8:30:00AM      10       0       0        10
                             10       0       0        10
              8:45:00AM      24       0       0        24
                             24       0       0        24
              9:00:00AM       8       0       0         8
                              8       0       0         8
              9:15:00AM      12       0       0        12
                             12       0       0        12
              9:30:00AM      10       0       0        10
                             10       0       0        10
              9:45:00AM      17       0       0        17
                             17       0       0        17
             10:00:00AM      55       0       0        55
                             55       0       0        55
             10:15:00AM      38       3       0        41
                             38       3       0        41
             10:30:00AM      24       0      56        80
                             24       0      56        80
             10:45:00AM      15       0      29        44
                             15       0      29        44
             11:00:00AM      12       0     146       158
                             12       0     146       158
             11:15:00AM      12       0      76        88
                             12       0      76        88
             11:30:00AM      32       0      67        99
                             32       0      67        99
             11:45:00AM      54       0     359       413
                             54       0     359       413
             12:00:00PM      17       0     161       178
                             17       0     161       178
             12:15:00PM      12       0      93       105
                             12       0      93       105
             12:30:00PM      18       0      53        71
                             18       0      53        71
             12:45:00PM      34       0     298       332
                             34       0     298       332
              1:00:00PM      17       0     104       121
                             17       0     104       121
              1:15:00PM      11       0      47        58
                             11       0      47        58
              1:30:00PM       2       0      31        33
                              2       0      31        33
              1:45:00PM      18       0      63        81
                             18       0      63        81
              2:00:00PM       1       0      10        11
                              1       0      10        11
3 -- Lunch     Total        490       3   1,593     2,086
                            490       3   1,593     2,086
              4:30:00PM       0       0     136       136
                              0       0     136       136
              4:45:00PM       0       0     109       109
                              0       0     109       109
              5:00:00PM       0       0     222       222
                              0       0     222       222
              5:15:00PM       0       0     147       147
                              0       0     147       147
              5:30:00PM       0       0     191       191
                              0       0     191       191
              5:45:00PM       0       0     219       219
                              0       0     219       219
              6:00:00PM      24       0     275       299
                             24       0     275       299
              6:15:00PM       0       0     182       182
                              0       0     182       182
              6:30:00PM       0       0     275       275
                              0       0     275       275
              6:45:00PM       0       0     108       108
                              0       0     108       108
              7:00:00PM       0       0     132       132
                              0       0     132       132
              7:15:00PM       0       0      63        63
                              0       0      63        63
              7:30:00PM       0       0       7         7
                              0       0       7         7
4 -- Dinner    Total         24       0   2,066     2,090
                             24       0   2,066     2,090
      Grand Total           514       4   4,786     5,304
